class: Predictor_zan
optim:
  K:
    max: 1200
    min: 1
  Ko:
    max: 1500
    min: 1
  a_z:
    max: 70
    min: 1
  a_zo:
    max: 1500
    min: 1
  b_z:
    max: 10
    min: 0.001
  b_zo:
    max: 10
    min: 0.001
param:
  default:
    K: 115
    Ko: 1188
    a_z: 8.8
    a_zo: 225
    b_z: 0.015
    b_zo: 0.11
    future_horizon: 40
    m: 80
    r_i: 0.25
    r_ij: 0.5
    sf_anisotropic_lambda: 0.7
    tau: 0.5
  meta:
    goal_step: 20
    load_goal: false
    set_goal: true
    v0_mode: gaussian
    v0_sigma: 1.5
  optimal:
    atc:
      K: 1196.4855727303068
      Ko: 1491.6314453020027
      a_z: 35.26980515619582
      a_zo: 1229.534873387832
      b_z: 0.24146420167983756
      b_zo: 9.806055576969532
    eth:
      K: 1057.2845670392844
      Ko: 1.0626254436003022
      a_z: 11.055975345909573
      a_zo: 71.99761086626397
      b_z: 0.338214590002328
      b_zo: 0.11716533610729976
    hotel:
      K: 993.7407214965291
      Ko: 1113.415689379545
      a_z: 40.00251089699982
      a_zo: 999.9889369525421
      b_z: 0.005754809211806293
      b_zo: 0.9886765955263637
    thor1:
      K: 2.043753386480031
      Ko: 1479.42189671872
      a_z: 15.230215532141273
      a_zo: 228.74037531582334
      b_z: 0.14115401840919625
      b_zo: 0.14228878063115163
    thor3:
      K: 759.1788656768662
      Ko: 1404.8335225316036
      a_z: 3.8227987170767763
      a_zo: 466.2126066224591
      b_z: 9.465438971421584
      b_zo: 0.10396981228797884
  uncertainty:
    num_particles: 20
    uncertainty: false
    uncertainty sigma: 0.3
