class: Predictor_sof
optim:
  K:
    max: 1200
    min: 0
  Ko:
    max: 1500
    min: 0
  a:
    max: 800
    min: 1
  ao:
    max: 1000
    min: 1
  b:
    max: 10
    min: 0.005
  bo:
    max: 10
    min: 0.005
param:
  default:
    K: 215
    Ko: 750
    a: 13.4
    ao: 518
    b: 4.15
    bo: 0.12
    future_horizon: 40
    m: 80
    r_i: 0.25
    r_ij: 0.5
    sf_anisotropic_lambda: 0.7
    tau: 0.5
  meta:
    goal_step: 20
    load_goal: false
    set_goal: true
    v0_mode: gaussian
    v0_sigma: 1.5
  optimal:
    atc:
      K: 1134.9618940453704
      Ko: 84.03984018586266
      a: 662.7564457784139
      ao: 9.735834529361505
      b: 0.005893857312978249
      bo: 3.8602162366140402
    eth:
      K: 1199.981351111311
      Ko: 1488.0151669392883
      a: 1.0083405927697704
      ao: 998.6923811618282
      b: 0.005017369135298592
      bo: 0.10760183146763104
    hotel:
      K: 0.040829384776606935
      Ko: 273.50322112869856
      a: 1.0428485538999137
      ao: 345.7502239502703
      b: 0.005198651487822874
      bo: 0.5103003504868866
    thor1:
      K: 1156.8041061586553
      Ko: 1056.5293093129544
      a: 330.4844057875491
      ao: 14.170482830607707
      b: 0.005543494508121004
      bo: 9.564352262222998
    thor3:
      K: 35.07095155066985
      Ko: 1430.570723946058
      a: 113.45980265463842
      ao: 960.7191834106316
      b: 0.11274008601837235
      bo: 0.14725708982452743
  uncertainty:
    num_particles: 5
    uncertainty: false
    uncertainty sigma: 0.3
